1563 332 1273 231 6601
1502 300 1250 206 6742
1538 352 1216 211 6683
1504 333 1255 249 6659
1513 358 1185 206 6738
1444 331 1289 192 6744
1629 349 1208 228 6586
1510 304 1228 210 6748
1495 284 1246 226 6749
1359 284 1303 197 6857
1383 314 1244 224 6835
1337 279 1297 192 6895
1354 308 1291 193 6854
1466 295 1216 180 6843
1408 288 1302 260 6742
1489 315 1247 224 6725
1473 331 1301 210 6685
1431 313 1272 188 6796
1515 299 1350 214 6622
1468 329 1293 234 6676
1530 314 1245 244 6667
1512 290 1239 243 6716
1471 345 1288 228 6668
1478 318 1290 216 6698
1412 359 1311 221 6697
1447 282 1283 223 6765
1445 302 1207 198 6848
1643 363 1214 248 6532
1350 296 1301 221 6832
1504 358 1236 220 6682
1511 297 1331 214 6647
1357 342 1340 199 6762
1347 271 1264 219 6899
1748 334 1278 195 6445
1518 267 1305 204 6706
1418 304 1268 221 6789
1651 343 1187 223 6596
1363 314 1259 226 6838
1486 310 1256 226 6722
1440 339 1236 231 6754
1529 318 1240 214 6699
1355 301 1316 197 6831
1648 341 1223 213 6575
1372 314 1235 201 6878
1396 323 1287 226 6768
1316 292 1288 218 6886
1396 274 1336 225 6769
1449 298 1282 178 6793
1425 311 1282 234 6748
1585 330 1201 234 6650
1422 314 1303 205 6756
1523 309 1188 224 6756
1463 276 1256 206 6799
1622 358 1234 231 6555
1446 327 1250 227 6750
1459 349 1242 211 6739
1525 321 1276 221 6657
1608 333 1193 203 6663
1425 322 1262 202 6789
1509 329 1222 222 6718
1492 288 1235 205 6780
1412 307 1288 208 6785
1596 337 1189 197 6681
1868 389 1161 248 6334
1537 311 1289 232 6631
1440 303 1294 177 6786
1379 313 1287 237 6784
1373 283 1270 232 6842
1448 288 1303 185 6776
1485 350 1190 225 6750
1492 299 1247 208 6754
1541 324 1220 206 6709
1471 334 1253 228 6714
1629 323 1278 236 6534
1525 352 1264 245 6614
1342 316 1282 212 6848
1522 308 1299 202 6669
1365 266 1289 212 6868
1490 310 1267 210 6723
1482 330 1286 232 6670
1407 278 1302 211 6802
1487 328 1283 224 6678
1594 331 1189 248 6638
1414 325 1256 199 6806
1638 361 1217 205 6579
1523 315 1284 213 6665
1440 325 1217 248 6770
1452 313 1222 219 6794
1497 353 1256 222 6672
1258 288 1329 233 6892
1779 366 1208 219 6428
1566 302 1261 240 6631
1701 386 1174 201 6538
1513 329 1278 199 6681
1379 276 1290 204 6851
1552 336 1227 212 6673
1382 293 1260 213 6852
1443 311 1279 220 6747
1559 270 1260 208 6703
1418 325 1325 206 6726
