3960
4054
4037
4121
3904
4084
3985
3955
3979
3988
3992
3898
3970
4130
3911
4057
4015
4088
3976
4090
4035
4127
4067
3938
4036
4141
3845
4022
4030
4080
3948
4129
3894
3904
3921
4193
4082
3958
3985
4150
3986
3999
4099
3850
4023
3989
3978
4105
4053
3960
4079
4009
4102
4050
3965
4097
4019
4023
4067
4036
3955
3977
4076
3895
4087
3965
4137
3923
3899
4044
4149
4056
4024
3954
4039
3972
4094
3891
4113
3982
3797
3947
4247
4049
3942
4068
4079
3925
3904
3952
4018
4052
3952
3982
4030
3993
4191
3987
4077
3963
3980
4077
3855
4015
3994
3931
3866
3966
4182
4086
3968
4079
3918
4044
3999
4016
3886
4168
3972
4011
4040
3973
4047
3949
4113
4093
4069
3996
4072
4089
3970
4023
3999
4071
4062
3953
4022
4001
3969
3989
4039
3862
3934
3971
4007
4189
3851
4012
4063
4118
4052
3938
4015
4127
3956
3998
4126
4044
3997
4023
4048
3914
3930
3919
4038
3951
4007
3766
4071
4034
3973
4067
4030
4033
3986
4188
4065
3808
3941
3850
4078
3964
4036
4137
4073
3987
3917
3983
3974
3984
3964
4030
3952
4079
4016
3930
4059
4065
4124
3999
3947
4056
4144
3874
4036
4127
3875
4042
3923
4106
3994
4046
3986
4025
3930
3927
4008
3764
4006
4073
4072
4015
3991
4020
4010
3968
3951
4071
3954
4157
3981
4011
4127
3965
3897
4045
3962
3956
4057
3949
3987
3995
4106
4002
4044
4033
4126
3937
3961
4059
4057
4062
4072
4000
4143
4001
4076
3975
4042
4060
4012
4072
4154
3843
4025
4024
4064
4053
3922
3982
4121
4089
4024
3924
4024
3969
4149
3954
4050
3941
4107
4062
4066
4040
3969
4095
3966
4001
4013
3921
4076
3911
3982
4017
3917
3893
4002
3979
3970
3866
3951
4041
4130
4002
3924
3981
4092
4155
3964
4093
3888
3872
3937
3959
4108
3877
3972
3988
3962
4094
4020
4039
4046
4071
4158
3990
3999
4121
4019
4103
3989
3975
4028
4052
3959
3953
3969
3959
3935
4005
4035
3978
4132
4040
4030
4001
3881
3884
4116
3952
4030
4106
4117
3931
3889
3981
4096
4067
3928
3920
4031
4138
3905
3991
4064
4057
4002
4054
4131
4051
4099
4105
4030
3991
3966
4036
4052
4106
3816
4052
3980
4115
3962
3983
4076
3839
3923
4079
3976
4117
4030
4042
4075
3956
4097
4013
3985
3930
3686
4087
3890
1
4067
3996
3992
3891
4095
4024
3996
3968
4030
3991
4137
4155
4081
4121
4012
4012
4088
3960
3932
4042
3973
3979
4083
3993
3952
4031
4107
4083
4081
4051
3947
4064
4142
4065
3924
3878
4147
3971
4141
3955
3931
3852
4055
3978
4069
4166
3987
3940
3975
3958
4082
4032
4224
4003
4016
3965
3956
4086
3826
4156
4049
4000
4129
3899
4033
4079
4108
3962
4076
4037
4118
4106
4049
4204
3976
3955
4032
4046
3900
3975
4180
4154
4076
4034
4143
4163
4076
4050
3894
4077
4067
3997
3956
4060
4082
4011
4076
3945
3984
4031
4131
4182
4071
3994
3934
4085
4152
3917
4207
4157
4052
3868
3986
4079
3983
4073
3958
4072
4023
4072
4090
4054
3971
3823
4049
4030
4092
4054
3878
3968
3937
4123
3986
4021
4139
4171
4075
4187
3919
4021
4054
4046
3976
4121
3934
3919
4008
4032
4007
4133
4047
4147
4123
4058
3831
3956
4065
4155
3946
3981
4062
3952
3949
4143
4147
4141
4075
4056
4010
3985
4080
3947
3952
3998
3841
3924
4092
3952
4001
4064
3919
3978
4065
4047
3903
3859
4016
4052
4058
3888
3994
3937
4020
4149
4042
4082
4081
4022
4041
3954
4040
4125
4164
4102
3983
4109
4061
4021
3759
3912
4030
3968
3986
4074
3940
4022
3997
4132
4049
3980
4138
4070
3968
4131
4043
3996
4025
3938
4028
4096
4008
3967
4055
4084
4095
4006
3949
4013
3994
4040
3974
3954
3965
3897
4179
3775
3947
4053
4117
4108
4079
3951
3970
4171
4129
4036
3896
4145
3989
4118
4069
4015
3939
4100
4049
4052
4041
3989
3888
3942
4001
3959
3949
4035
4049
4107
4113
4145
3929
3941
4076
4005
4041
4128
3939
4015
3889
3923
4010
4083
3990
3996
3923
3926
4157
4107
4074
4041
4033
4107
4078
4054
4112
4076
3962
3994
3963
4007
4043
4060
4076
3944
4022
4035
3974
4056
4014
3884
4134
3898
4046
4013
4108
4025
4125
4098
3804
1
3999
3889
4019
4042
4016
4139
3901
3866
4081
3999
3925
4023
4088
4134
3919
4053
4017
3988
4122
4017
4013
3979
4023
3993
4029
3977
3881
3997
4050
3989
4103
3945
4009
3960
3950
4043
3987
4003
3889
4126
4067
3972
3994
4027
3982
3974
3947
4121
3981
4033
4117
4025
3874
4066
4118
4049
3946
4063
4085
4011
3935
4177
4130
4071
4082
3937
4118
3822
4025
4092
3904
4075
3887
3916
4119
4005
3992
3907
4039
4137
4151
4083
4013
3936
3821
3866
3850
4093
3992
4053
4020
4152
3979
3965
4122
4002
4148
4070
3986
4148
4116
3974
4001
4084
3996
3993
3836
4110
4057
4154
4053
4111
4023
3989
3911
4099
3929
4095
3952
4164
4085
4036
4046
4040
4178
4042
4004
4052
3989
4106
4092
4000
4119
4016
3951
3916
3964
3925
4055
4107
3958
4004
4311
4098
4022
3972
4074
4011
4104
3916
4093
3961
4010
4006
3951
3911
4049
4044
4031
3937
4030
4083
4049
3992
4092
3950
3937
3925
3974
3917
3985
3954
3940
3993
3911
4071
3955
3969
4046
4026
4050
4015
3940
4151
3948
4020
4068
4028
3828
4002
4030
3944
4128
4119
3932
3973
3977
4081
4093
4030
4059
4005
3934
3950
4091
3935
4035
4028
4058
4070
3899
4031
3935
4051
4018
4070
4036
4066
3973
4138
4081
4014
4009
3959
4062
4042
4099
4115
3973
4036
4054
4024
4110
4025
4009
4048
4013
4116
4009
4016
4173
4109
3955
3988
4079
3784
4055
4034
4065
3921
4128
4205
4139
4214
3986
3927
4062
4041
4032
4092
3962
4035
4084
3829
3972
3972
4104
4111
3967
4026
