8019
7950
7809
8042
8022
7924
7851
7946
8047
8020
7731
8155
8118
7898
7895
7663
8031
8072
7935
7867
7949
7896
8014
7823
7943
7892
7972
8140
8039
7961
7990
7802
7624
8115
7947
8128
8021
8030
8061
7938
7995
7887
8051
7943
8042
8062
7824
7872
7832
7878
8052
7850
7972
7953
8062
8110
7972
8083
7726
7786
8074
8037
8029
8065
7715
1
8247
7877
7918
8016
7863
8028
7993
7960
7765
7830
7943
7984
7847
7892
7945
8014
8240
7897
7667
7955
7717
7943
8016
7926
8013
8204
7939
7880
8057
8058
8107
7957
7927
8014
8136
8045
8101
7710
7875
7879
7981
8064
7883
8112
8074
8032
8203
7865
8101
8088
8051
7876
7992
8111
7694
7937
7972
7740
8032
7940
7917
7821
7886
8078
7859
7956
8010
7972
8091
7979
7952
7941
8015
7989
7975
8049
8046
7884
7983
8055
8018
7984
8052
8089
7678
8136
8087
8075
7916
8017
8036
8093
7919
8087
7891
8005
8018
8012
8009
8139
7990
8060
7933
7719
8001
8138
7892
7841
7964
8034
7974
8038
7826
7931
8000
8077
7942
7715
8138
8050
7847
8091
7988
8124
8089
7967
8135
8040
8031
8072
8053
8166
7898
8099
7931
7918
8009
8087
8131
8049
7899
7914
7993
7982
7717
8009
7921
7945
7572
8046
8011
8147
7835
8095
8014
8155
7865
7992
8226
7934
8028
8121
7973
7995
8023
8089
8099
7859
7885
7966
7982
7806
7999
8027
7942
7983
8094
7966
7988
7809
8050
7854
7738
7913
7868
8103
8116
7834
7838
8051
7838
8186
8137
7868
8190
7981
7738
7989
7766
8084
7977
7927
8043
8064
7932
7887
7753
7990
8198
8093
8043
7853
7956
7935
8008
7929
8084
7923
8043
7876
8127
8040
7886
7985
8138
7961
7839
7856
7797
7978
8151
7992
7970
8072
8055
7847
7702
8020
7906
7959
7980
7797
7837
7974
7976
8013
7781
8081
7873
7865
8032
7993
7976
8134
7919
8036
8074
7498
8036
8102
7903
8068
8077
8095
8048
7771
7995
8065
8014
8120
8049
7952
8016
8058
7840
8046
7768
7920
8043
7944
7999
7969
8048
8081
7954
8175
7901
7939
7958
7827
8124
7872
7921
8143
7903
8063
8022
7938
8093
8106
8140
7987
8092
8142
7842
7944
7775
8100
8023
8067
8131
7824
7792
8092
8009
8061
7936
8185
7954
8046
7953
7982
8040
8025
8026
7945
7994
7887
7942
7933
8009
8045
7989
8006
8148
7741
8082
7849
8169
8064
7916
7881
7875
7991
8044
7904
7896
8102
8020
7707
8216
7910
8059
8096
8061
7886
8266
8052
8026
8031
7881
7904
7971
8018
7955
7859
8087
8011
8104
7983
8201
8041
7768
7893
8032
7598
8064
8049
8244
7982
8136
7767
8110
8109
7985
8092
7919
8008
7940
7986
8019
8023
7976
8032
7965
7962
8028
8212
7928
8115
7883
8035
8065
7923
7920
8175
7977
8019
7906
8036
8178
7848
7943
7616
7861
7983
7950
8178
8061
7729
7902
8135
8028
7885
7710
7868
8016
7937
7980
8054
8051
7948
7969
8041
8021
8014
7933
7945
8108
7957
7845
8110
7762
7908
7889
8054
8042
7787
7789
7896
8010
8097
8181
7930
7515
8087
7957
7970
8060
7993
7936
8104
8064
8069
8112
8016
8166
8042
8045
7905
7855
7992
8047
8024
8064
7890
8142
8158
8010
8021
8046
8080
7959
7992
7916
7766
7796
7756
8029
7779
8077
8018
8019
7996
8064
7961
7948
8138
8027
8153
8017
7831
7701
8031
8039
8051
8228
7975
8046
8012
7929
7944
7826
7624
8068
7822
7928
7733
7947
7933
7945
7914
7679
8035
7899
7970
8070
8102
7964
8096
7834
8266
8055
7996
7969
7907
7958
7947
7979
7962
8030
7993
7995
7950
7917
8077
8035
8174
7912
7878
7931
8037
8132
7718
7928
7501
7919
7644
7993
8115
7956
7989
7888
7883
7888
8019
7987
7956
8087
8008
7838
8075
8038
7995
8015
8088
8034
7862
7979
8001
7881
7555
7900
7954
7916
7978
7970
7708
7966
7928
8057
8005
7990
8090
8024
7909
8045
7982
7777
8077
7611
8109
8078
8096
7948
8063
7944
7944
7990
7957
7975
8069
7972
8031
8055
8121
7938
8015
7723
8037
7847
8003
8144
8072
7958
8011
8029
8037
7959
8085
7966
8044
7975
7918
8048
8051
7932
8041
8001
8056
7860
8008
8019
7936
8017
7885
7891
8090
7911
7858
7757
8033
7718
7866
7923
8174
7951
8002
7941
7943
8026
8025
7942
7774
7962
8080
8188
7820
7903
7941
7793
7857
7897
7914
7938
7999
7924
7949
7972
7938
8007
8094
8045
7857
8162
7625
7978
7829
7719
7782
7835
7953
7858
7720
7908
7775
7926
7769
7678
8092
7874
7922
8188
7943
7927
7959
8160
8039
8074
7860
7840
8004
7935
7968
7838
8026
7925
7931
8102
8071
8003
8309
7891
8074
7874
7916
8042
7901
7758
7363
7933
8037
8131
8028
7825
7865
7769
7903
8207
8035
8000
7896
7974
7919
7686
8061
8232
7915
8021
7602
7704
8008
725
8076
8120
8062
7748
7821
8122
8129
8024
8031
0
7853
8063
7927
7800
7773
7938
7747
8058
8061
8005
7937
8048
7966
7958
7705
7791
7804
8019
7854
7938
7774
7986
8008
8020
7801
7893
7738
7999
7762
8099
8080
7919
7904
8196
8047
7965
7998
8023
7858
8012
8095
8158
8144
8116
8066
7914
7481
8057
7966
7913
8069
7749
7900
7844
7885
8153
7814
8068
7997
7939
7982
8010
7904
7903
8069
7965
7992
7963
7892
8162
8060
8018
7914
7951
7978
7920
8017
7857
8040
7989
7912
8122
7968
7892
7807
8118
8205
7987
8028
8029
7997
7886
8003
7909
7987
8014
7873
7962
7906
7934
8142
7747
7975
8011
7964
7879
7941
8050
7891
7987
7874
8060
8031
7945
7889
7918
8039
7926
8035
7773
7947
8111
7901
7979
7985
7852
7974
8128
7841
7876
8010
7919
8130
8008
8004
8101
8118
7928
8119
7998
7985
8093
8031
7982
7978
7991
7965
7827
7888
7675
8035
7863
8096
8039
7814
7275
8167
7933
8023
7880
8081
8110
8043
7854
8073
8071
7953
7994
7851
7895
8000
